[array([-0.04511077,  0.06610048, -0.01443719, -0.04357124, -0.06630351,
        0.04340746, -0.0670151 , -0.07954358,  0.17982765, -0.03376544,
        0.241228  , -0.00797792, -0.13788228, -0.16040938,  0.02794525,
        0.11741497, -0.18540926, -0.06265099, -0.02622052,  0.01286798,
        0.02476813,  0.06004092,  0.04038093,  0.09082669, -0.12847854,
       -0.38061741, -0.12040274, -0.11449765,  0.04989293, -0.08442493,
       -0.11387562,  0.0883157 , -0.14331496, -0.04753445,  0.07358103,
        0.11472753, -0.0251908 , -0.03306607,  0.1837189 ,  0.05526913,
       -0.19239251,  0.06083898,  0.00100963,  0.26626781,  0.24805436,
        0.03490577,  0.00150441, -0.06859644,  0.14086951, -0.18053603,
        0.11244266,  0.18664125,  0.06832439,  0.03135351,  0.03557824,
       -0.08624239, -0.05208937,  0.12035005, -0.19505313, -0.00345659,
        0.01216177, -0.09712834, -0.03361929, -0.06617177,  0.14437792,
        0.16721702, -0.10110857, -0.21911833,  0.05873013, -0.21329856,
       -0.08685076,  0.0657171 , -0.16881077, -0.18326092, -0.35046962,
        0.06991449,  0.36993343,  0.1458817 , -0.19623564,  0.05932001,
       -0.00480183, -0.05809649,  0.11747496,  0.17022562, -0.03329339,
        0.0295255 , -0.04760163,  0.015367  ,  0.17593904, -0.02032669,
       -0.03369597,  0.23321722, -0.04274236,  0.08844976,  0.05468579,
        0.01654697, -0.00624737, -0.01142117, -0.10205057, -0.01363073,
        0.03027078, -0.03573947,  0.02440515,  0.11852545, -0.20123777,
        0.13242681, -0.0077939 , -0.01461289,  0.04974067, -0.04297828,
       -0.08458949, -0.05842933,  0.1646456 , -0.28831828,  0.18299937,
        0.14000286,  0.05185681,  0.14591092,  0.0646304 ,  0.08970063,
       -0.02555118, -0.02518258, -0.14520523, -0.00518686,  0.07532311,
        0.00192761,  0.06450662, -0.0321956 ]), array([-0.11807163,  0.09959999,  0.06256025,  0.01976803, -0.05903207,
       -0.01468959, -0.11110069, -0.12937506,  0.15468772, -0.02929151,
        0.24931583, -0.05627978, -0.16063267, -0.13833757, -0.02472831,
        0.15440787, -0.18866682, -0.0762638 ,  0.00709651,  0.0070849 ,
        0.00741311,  0.03878381,  0.08632644,  0.08140555, -0.13316628,
       -0.41011721, -0.10914429, -0.13616443, -0.03366075, -0.06781955,
       -0.1222938 ,  0.05747826, -0.17063312, -0.02998882,  0.01426239,
        0.07598979, -0.02116556,  0.02629634,  0.19328526,  0.03465204,
       -0.21163507,  0.03473468,  0.01490987,  0.26414251,  0.26302338,
        0.07265619, -0.00119089, -0.05932849,  0.09799635, -0.15005636,
        0.08729307,  0.17698786,  0.09091815, -0.00978553,  0.00511097,
       -0.07949378, -0.0847958 ,  0.07508431, -0.11121932, -0.00820979,
        0.05970592, -0.09553906, -0.02323487, -0.04769396,  0.24340889,
        0.13135748, -0.11205544, -0.15469576,  0.07555719, -0.18426551,
       -0.08455668,  0.04364242, -0.16582654, -0.18316072, -0.37634361,
        0.04482146,  0.38796508,  0.05190541, -0.20022991,  0.05402824,
       -0.04099972, -0.04330512,  0.08813805,  0.18591227, -0.03814528,
        0.03939288, -0.06909274, -0.0233864 ,  0.20130382, -0.03820825,
       -0.02701179,  0.20602314, -0.04589035,  0.10456251,  0.03568497,
       -0.01883539, -0.00339757, -0.00223526, -0.09665542,  0.01697664,
       -0.02953698, -0.00191627, -0.00929876,  0.0869837 , -0.19305214,
        0.10779581,  0.01907797, -0.00055801,  0.02909889,  0.00391733,
       -0.10056345, -0.09650932,  0.15468019, -0.27370992,  0.17590168,
        0.13178262,  0.06222067,  0.14645997,  0.06701354,  0.09768765,
       -0.04017391,  0.04930742, -0.15467301,  0.00393546,  0.10587417,
       -0.05032878,  0.09611368,  0.01681063]), array([-0.11809604,  0.08879813,  0.07134048,  0.03628968, -0.05785336,
       -0.02914801, -0.06387333, -0.09434588,  0.11142743, -0.00742767,
        0.27455372, -0.08392353, -0.17094474, -0.13286987,  0.0287446 ,
        0.14569823, -0.20431629, -0.041478  , -0.04499382, -0.00814359,
        0.05458701,  0.02953454,  0.0717282 ,  0.0807883 , -0.09451216,
       -0.36176208, -0.12301594, -0.13420148,  0.08181918, -0.09729343,
       -0.09536906,  0.0304589 , -0.18723416, -0.03676527,  0.00161206,
        0.03466417,  0.03095176, -0.0376957 ,  0.20058145, -0.00790186,
       -0.21946742,  0.01519137, -0.00698014,  0.19596395,  0.23175463,
        0.02172841,  0.01337361, -0.06041492,  0.05676535, -0.10481139,
        0.10587849,  0.16516994,  0.16454324,  0.00889984, -0.03380363,
       -0.11328995, -0.0963831 ,  0.08242105, -0.14733204, -0.00513068,
        0.06282812, -0.08268623, -0.04332357, -0.04090982,  0.16609485,
        0.11565839, -0.11534541, -0.21854189,  0.10692804, -0.17618586,
       -0.06136936,  0.09608604, -0.17270654, -0.17177732, -0.38873515,
        0.05536205,  0.37720981,  0.0444293 , -0.23969741,  0.01851452,
       -0.08068563, -0.0528173 ,  0.0508166 ,  0.2047815 , -0.03199397,
        0.04697381, -0.06422674,  0.02861487,  0.13747242, -0.05695347,
       -0.05263013,  0.21381061, -0.01474186,  0.07673332,  0.00596925,
        0.01463922,  0.04356692, -0.02373472, -0.04913123,  0.02287872,
       -0.00139778,  0.00295786, -0.02954032,  0.10603148, -0.17059398,
        0.11190668,  0.03273629, -0.01190969,  0.00534702, -0.01597406,
       -0.08601434, -0.07966547,  0.15695253, -0.28610694,  0.1461608 ,
        0.16482145,  0.0411852 ,  0.12538695,  0.04336731,  0.12863712,
        0.00648383, -0.00597247, -0.17719357,  0.01157819,  0.09972966,
       -0.03568949,  0.05168112,  0.0217437 ]), array([-8.40576664e-02,  1.15886316e-01,  4.91163246e-02, -2.09811749e-03,
       -5.73442169e-02, -3.35044833e-03, -1.26712054e-01, -1.27927750e-01,
        1.32861003e-01, -3.60320248e-02,  2.50936478e-01, -4.68214713e-02,
       -1.77633300e-01, -1.73750654e-01, -9.18670371e-03,  1.59758762e-01,
       -2.08513498e-01, -9.69194397e-02,  2.68864371e-02,  6.45125564e-03,
        5.98829165e-02,  5.11082783e-02,  6.87295794e-02,  5.31696416e-02,
       -1.50123432e-01, -4.09134537e-01, -1.24054685e-01, -1.31568521e-01,
       -2.46424787e-02, -4.85001691e-02, -1.14776149e-01,  3.67929526e-02,
       -1.77643016e-01, -3.62882093e-02,  3.62477526e-02,  5.43594360e-02,
        1.03064133e-02, -8.30630586e-03,  1.89221412e-01,  1.93464644e-02,
       -2.17470139e-01,  8.21544975e-02,  2.48827934e-02,  2.16539398e-01,
        2.26458326e-01,  5.55400252e-02,  6.01835083e-03, -7.40874931e-02,
        8.62734094e-02, -1.13885067e-01,  8.44862238e-02,  1.87520325e-01,
        7.38337710e-02,  8.83303583e-04, -7.87598081e-03, -9.86088365e-02,
       -7.93576762e-02,  5.77713884e-02, -1.25478983e-01, -2.07438432e-02,
        4.53345925e-02, -8.90083015e-02, -3.60470563e-02, -4.88544740e-02,
        1.75960392e-01,  1.17218480e-01, -1.02251135e-01, -2.16973513e-01,
        5.86454831e-02, -1.81442514e-01, -9.36747566e-02,  6.03534691e-02,
       -1.80003420e-01, -1.69575214e-01, -3.70648324e-01,  4.37037945e-02,
        3.73607934e-01,  6.06238805e-02, -2.28391230e-01,  5.84562384e-02,
       -1.95829161e-02, -3.23922411e-02,  1.19986512e-01,  1.81039482e-01,
       -2.94798240e-03,  4.89671342e-02, -7.46053085e-02, -6.38459809e-03,
        1.92596063e-01, -4.50654142e-02, -5.87632507e-02,  2.32130706e-01,
       -3.63088809e-02,  1.51546970e-01,  5.14394753e-02,  1.00816581e-02,
        1.09870508e-02, -2.46150419e-04, -8.58398974e-02,  2.69782785e-02,
        1.37004144e-02,  8.95870477e-03, -2.30941996e-02,  1.12039909e-01,
       -1.49637461e-01,  8.52477103e-02,  1.31637128e-02,  1.46398107e-02,
        1.31060798e-02,  2.41629034e-02, -1.05322301e-01, -9.67322364e-02,
        1.38316259e-01, -2.60500282e-01,  1.88890085e-01,  1.51814267e-01,
        3.71449366e-02,  1.24833398e-01,  9.88632590e-02,  8.51115584e-02,
       -3.57709080e-02,  1.21334027e-02, -1.85436919e-01, -1.88184455e-02,
        9.85643789e-02, -2.83280928e-02,  1.01399921e-01,  2.91650649e-04]), array([-0.11451592,  0.09856183,  0.06006664, -0.02190285, -0.05407509,
        0.01402952, -0.090184  , -0.12218075,  0.13546596, -0.06512626,
        0.25868654, -0.0334721 , -0.17279316, -0.16143638, -0.00156332,
        0.155809  , -0.18292309, -0.103047  ,  0.02020594, -0.01604714,
        0.04774769,  0.03920659,  0.06435812,  0.07882237, -0.18252374,
       -0.39638358, -0.12637366, -0.1349217 , -0.03399289, -0.06077886,
       -0.07873385,  0.03114236, -0.17694528, -0.00156123, -0.01608368,
        0.05810292,  0.02757482, -0.00805615,  0.21116039,  0.04510425,
       -0.18569143,  0.0349159 , -0.00125575,  0.25494561,  0.22180659,
        0.05318296,  0.03181297, -0.03377808,  0.09437049, -0.15165444,
        0.08479393,  0.14060673,  0.10490765, -0.02809308, -0.02191979,
       -0.10366096, -0.10115761,  0.04568215, -0.13325307,  0.00934458,
        0.0119405 , -0.09207913, -0.04543098, -0.06947778,  0.21991946,
        0.12296277, -0.13035074, -0.16830395,  0.09312611, -0.17557089,
       -0.0846427 ,  0.02962316, -0.18828019, -0.15976927, -0.41126436,
        0.06414061,  0.38030764,  0.06798738, -0.21101236,  0.02883093,
       -0.05201297, -0.01261136,  0.06356777,  0.16551086, -0.03756652,
        0.03961687, -0.07534678,  0.02062921,  0.19682454, -0.05051332,
       -0.06728694,  0.2257719 , -0.04501761,  0.13423203,  0.00933386,
        0.01681287, -0.0085349 ,  0.00548024, -0.04902551,  0.06172683,
        0.01761542,  0.00071621,  0.01798626,  0.13856073, -0.18568476,
        0.10449167, -0.00835687, -0.00939279,  0.01980362,  0.05667891,
       -0.16298385, -0.11563285,  0.15372749, -0.24998288,  0.13691929,
        0.17863646,  0.02323069,  0.13738602,  0.10715494,  0.10210867,
       -0.04006811,  0.05508801, -0.18410419, -0.01293729,  0.10239648,
       -0.03611572,  0.10225629,  0.03638475]), array([-0.06984474,  0.09309118,  0.03805868, -0.03046075, -0.02290452,
       -0.01749755, -0.07979778, -0.09933484,  0.15961288, -0.05821571,
        0.25362521, -0.05219401, -0.13656326, -0.17832939,  0.0313218 ,
        0.13129777, -0.21765484, -0.08550159, -0.00722389,  0.01893234,
        0.04521419,  0.02641665,  0.05579843,  0.09029171, -0.15568706,
       -0.40595493, -0.11918913, -0.10631093,  0.00278832, -0.07865179,
       -0.10894012,  0.0774496 , -0.18084422, -0.0348233 ,  0.01442573,
        0.12498012,  0.00710623, -0.0088983 ,  0.16780375,  0.03939133,
       -0.20271225,  0.04441878, -0.00565294,  0.25222141,  0.26593053,
        0.06458969,  0.00108765, -0.05021603,  0.11395066, -0.13282613,
        0.08011478,  0.15207763,  0.07691877,  0.00966622,  0.01603742,
       -0.11171939, -0.05230556,  0.09755626, -0.15577984, -0.02345716,
        0.01225566, -0.12436529, -0.00128912, -0.03471175,  0.2028558 ,
        0.12206701, -0.10141873, -0.1823736 ,  0.09863925, -0.18634871,
       -0.08027013,  0.05402082, -0.15669158, -0.16132109, -0.39052647,
        0.05586506,  0.37889042,  0.08546437, -0.21831252,  0.04880047,
       -0.01156287, -0.04434004,  0.12272212,  0.19187632, -0.05096481,
        0.05197702, -0.10490858, -0.00212832,  0.18454412,  0.00452101,
       -0.05085465,  0.20219982, -0.05523717,  0.10924828,  0.0595228 ,
       -0.02107874, -0.02543489,  0.02128545, -0.10885005,  0.00458643,
        0.01232816, -0.03100846, -0.03148615,  0.1395098 , -0.17060786,
        0.11074323,  0.00521848, -0.01221588,  0.01043398,  0.00625971,
       -0.09963317, -0.08531433,  0.13556851, -0.28534055,  0.14560103,
        0.16152528,  0.05453121,  0.15709527,  0.07707672,  0.11025387,
       -0.03765974,  0.01834656, -0.18483993,  0.00860983,  0.09302922,
       -0.01353243,  0.11859536,  0.00250986]), array([-8.34502280e-02,  8.16768855e-02,  1.93950273e-02, -7.20222481e-04,
       -4.98104841e-02,  1.08326357e-02, -6.94277361e-02, -1.33385479e-01,
        1.36671126e-01, -4.17733081e-02,  2.69924194e-01, -5.38897887e-03,
       -1.82965830e-01, -1.74587503e-01,  2.12467201e-02,  1.41681522e-01,
       -1.76333457e-01, -7.11451545e-02, -2.29965523e-03,  3.58476564e-02,
        6.66854233e-02,  1.47979502e-02,  1.01434804e-01,  6.13999702e-02,
       -1.48311183e-01, -4.05231357e-01, -1.20478764e-01, -1.02864936e-01,
        2.93099601e-02, -5.61010092e-02, -9.05762464e-02,  5.24184443e-02,
       -1.67088106e-01, -1.41031463e-02,  1.93566233e-02,  8.96829516e-02,
        7.49329687e-04, -4.87851016e-02,  2.41494209e-01,  1.97005980e-02,
       -2.28108674e-01,  3.45864668e-02, -2.02419199e-02,  2.37194464e-01,
        2.39120722e-01,  1.92198157e-02,  5.63092977e-02, -3.91448140e-02,
        8.92622843e-02, -1.66649997e-01,  1.11436248e-01,  1.44430906e-01,
        1.15380883e-01, -2.18001343e-02, -5.40458970e-03, -1.29612550e-01,
       -1.02302276e-01,  6.48308769e-02, -1.30318731e-01, -1.27664097e-02,
        3.22144330e-02, -6.83724955e-02, -2.78052501e-02, -6.90524653e-02,
        1.69715360e-01,  1.37686744e-01, -1.39713421e-01, -1.89776450e-01,
        7.38830566e-02, -1.85427368e-01, -5.09356000e-02,  6.41946197e-02,
       -2.09493518e-01, -1.92545876e-01, -3.88531119e-01,  5.44223338e-02,
        3.79267901e-01,  9.34248120e-02, -2.09542602e-01, -7.47788232e-03,
       -3.38263102e-02, -8.60201474e-03,  9.62534025e-02,  1.78931147e-01,
       -8.11852515e-05,  2.77179480e-02, -8.35539028e-02,  2.48190425e-02,
        1.88189328e-01, -6.35727644e-02, -9.76506099e-02,  2.29450181e-01,
       -3.73271219e-02,  1.19329065e-01, -7.68971071e-03,  3.80629227e-02,
        2.12028529e-02,  2.20521446e-02, -5.64484932e-02,  6.48652166e-02,
        3.35948989e-02, -3.89224663e-03,  2.84632631e-02,  1.57017738e-01,
       -1.61115453e-01,  9.81445834e-02, -1.36947921e-02,  2.67421324e-02,
        6.33602142e-02,  1.67899150e-02, -1.53437987e-01, -1.03666037e-01,
        1.32784709e-01, -2.63408124e-01,  1.70228481e-01,  1.85265794e-01,
        1.28052766e-02,  1.12747170e-01,  8.72557536e-02,  1.05794244e-01,
        3.65033280e-03,  3.51817533e-02, -1.91273972e-01, -8.34284816e-03,
        6.81926534e-02, -9.47628170e-03,  7.87028968e-02,  3.09977215e-03]), array([-8.63795877e-02,  6.70449957e-02,  6.56631291e-02, -1.52704949e-02,
       -3.29730026e-02, -2.50605401e-04, -7.12037385e-02, -7.80813619e-02,
        1.77510589e-01, -4.19214070e-02,  2.77131230e-01, -2.93500610e-02,
       -1.53671980e-01, -1.82594717e-01,  5.96505851e-02,  1.36820897e-01,
       -2.04619974e-01, -6.46418184e-02,  3.11630778e-03,  3.59644461e-03,
        4.26915698e-02,  2.22933609e-02,  9.92219970e-02,  7.00824633e-02,
       -1.45074606e-01, -4.31763083e-01, -1.15851432e-01, -1.44707695e-01,
       -9.41853039e-04, -5.38712069e-02, -1.11922376e-01,  5.94069697e-02,
       -1.87825963e-01, -3.10585909e-02,  9.00445599e-03,  7.07220882e-02,
       -2.49762926e-02, -2.52650734e-02,  2.07873538e-01,  1.52591690e-02,
       -2.06735775e-01,  4.74249125e-02, -3.13667543e-02,  2.11780488e-01,
        2.02139184e-01,  5.48551753e-02,  3.38280424e-02, -3.69450450e-02,
        1.08617201e-01, -1.19294621e-01,  9.61331874e-02,  1.85697421e-01,
        8.41493905e-02, -1.61594190e-02,  2.19908059e-02, -9.72924754e-02,
       -7.11761639e-02,  5.19340523e-02, -1.26253888e-01, -1.60321649e-02,
        2.61380896e-02, -6.92230389e-02, -3.45997233e-03, -5.52652813e-02,
        1.86674118e-01,  1.24553457e-01, -8.76828060e-02, -1.90396369e-01,
        8.98862109e-02, -1.51347145e-01, -5.36629297e-02,  8.01592395e-02,
       -2.06755757e-01, -1.99675351e-01, -3.33109319e-01,  5.50625697e-02,
        3.66764337e-01,  5.97945005e-02, -2.07156181e-01,  2.39700936e-02,
       -5.92227504e-02, -4.99447435e-02,  1.01087593e-01,  1.75599486e-01,
       -1.38810668e-02,  6.23577684e-02, -8.50691497e-02,  1.09854015e-02,
        2.03154027e-01, -5.08111902e-02, -5.68652600e-02,  2.25932494e-01,
       -2.04490870e-02,  1.16281442e-01,  2.26092823e-02, -4.81033064e-02,
        2.80313566e-02,  2.44395342e-02, -9.97721925e-02,  4.87976000e-02,
       -4.22924664e-03, -1.23051573e-02, -3.78240347e-02,  9.09960717e-02,
       -1.79503247e-01,  8.54077265e-02,  2.70072818e-02, -1.12975435e-02,
       -3.57559416e-03,  2.92610191e-02, -1.42721370e-01, -1.02186464e-01,
        1.28256485e-01, -2.74091005e-01,  1.76376194e-01,  1.67883992e-01,
        7.23642334e-02,  1.42820239e-01,  5.36001250e-02,  9.32427347e-02,
       -2.39858478e-02,  3.43942456e-03, -1.78563908e-01,  1.71690877e-03,
        1.03416398e-01,  8.33663717e-03,  7.50449970e-02,  9.30867158e-03]), array([-1.20696217e-01,  6.55189455e-02,  4.56865244e-02,  1.44754536e-03,
       -7.58810267e-02, -4.18805778e-02, -8.05799663e-02, -1.30675718e-01,
        1.03904635e-01, -5.38341515e-02,  2.49687791e-01, -5.19442447e-02,
       -1.77950740e-01, -1.43189505e-01,  4.29193452e-02,  1.42799109e-01,
       -1.93554789e-01, -7.73509815e-02, -5.18796220e-03, -1.07541773e-02,
        8.08479264e-02,  2.60591134e-02,  7.18975738e-02,  1.14697702e-01,
       -1.64400607e-01, -3.74560952e-01, -1.24072418e-01, -9.96775404e-02,
       -3.31313815e-03, -5.98476976e-02, -7.98142403e-02,  6.07823282e-02,
       -1.73733383e-01, -4.51346040e-02, -5.49149700e-04,  1.06199495e-01,
        2.09272709e-02, -5.64847738e-02,  2.19626665e-01, -3.21364123e-03,
       -2.09314585e-01,  4.14089598e-02,  9.65336245e-03,  2.26784691e-01,
        1.91784993e-01,  2.91065965e-02,  4.14101221e-02, -6.32837340e-02,
        9.24741626e-02, -1.55887395e-01,  9.11350399e-02,  1.36457950e-01,
        7.62080178e-02, -9.65250656e-04, -1.40528493e-02, -1.16629928e-01,
       -6.61140159e-02,  7.63417333e-02, -1.70455888e-01, -1.23690758e-02,
        3.00821085e-02, -1.06681518e-01, -8.25320557e-03, -1.04267098e-01,
        1.79605559e-01,  1.32809982e-01, -1.07184336e-01, -1.69127434e-01,
        7.31235594e-02, -1.87691852e-01, -1.03448093e-01,  7.78983384e-02,
       -1.68801203e-01, -1.72569588e-01, -4.42482144e-01,  4.53201160e-02,
        3.74937445e-01,  9.14262682e-02, -2.04045638e-01,  9.52584855e-03,
       -1.58961602e-02, -5.07253222e-02,  8.88876021e-02,  1.84940219e-01,
       -1.71780866e-02,  6.11206219e-02, -8.21564645e-02,  6.71939328e-02,
        1.85259432e-01, -2.01657917e-02, -7.17384517e-02,  2.35384837e-01,
        1.58147085e-02,  1.21263415e-01,  4.16235328e-02,  6.00705035e-02,
       -2.53086910e-04, -1.87877361e-02, -8.45691636e-02,  6.98636696e-02,
        3.16719189e-02,  5.97042870e-03,  1.26466686e-02,  1.30537912e-01,
       -1.58079341e-01,  1.12347178e-01, -8.07478745e-03, -3.35492119e-02,
       -1.78502202e-02,  1.91110198e-03, -1.41515180e-01, -7.40219206e-02,
        1.36285931e-01, -2.65248597e-01,  1.13301501e-01,  1.76326394e-01,
        3.95449139e-02,  1.44911334e-01,  5.87631352e-02,  9.39393640e-02,
       -5.56010753e-02,  2.46209092e-04, -1.91536054e-01,  1.18183816e-04,
        1.19398229e-01, -1.35169085e-02,  1.20294735e-01,  4.03212644e-02]), array([-0.10247247,  0.06252613,  0.07367047,  0.05958829, -0.11146056,
        0.03526667, -0.08188219, -0.08182253,  0.06159246, -0.06219887,
        0.2780838 , -0.04415343, -0.22611374, -0.13071764, -0.02294109,
        0.1906167 , -0.1353358 , -0.06803183, -0.01477476,  0.0451138 ,
        0.10229894,  0.00852143,  0.08210438,  0.05475911, -0.16803291,
       -0.40683216, -0.10970353, -0.09614287, -0.01284366, -0.08537846,
       -0.11279289,  0.08199702, -0.13075817, -0.00656844,  0.02214082,
        0.10834679,  0.02061327, -0.04357217,  0.20616204, -0.00097431,
       -0.2519238 ,  0.09245706, -0.00889667,  0.26545244,  0.22305046,
        0.04516949,  0.0589745 , -0.07239289,  0.09785359, -0.16846511,
        0.07920903,  0.14196178,  0.10308789,  0.01375431, -0.04283895,
       -0.10433841, -0.02969122,  0.06671932, -0.13561684, -0.03188652,
        0.05218457, -0.10392055,  0.02241038, -0.07513433,  0.17316838,
        0.10342073, -0.10626929, -0.18255906,  0.10274136, -0.16419378,
       -0.05688267,  0.0593984 , -0.23464748, -0.16838165, -0.37221891,
        0.03123886,  0.39682788,  0.09388062, -0.21002197,  0.01692647,
       -0.04267356,  0.01572667,  0.08963492,  0.16729644,  0.01654962,
       -0.00349158, -0.10249554,  0.04899762,  0.22482732, -0.09738269,
       -0.05089398,  0.21819317,  0.02746043,  0.08407816,  0.04637851,
        0.03789417, -0.00482436,  0.02003765, -0.07267806,  0.05426277,
       -0.00189796, -0.03755617,  0.0353915 ,  0.11350775, -0.18102631,
        0.13244231, -0.03180215,  0.04184816,  0.05403122,  0.00476799,
       -0.14972305, -0.04691765,  0.14612237, -0.24814405,  0.17698543,
        0.18585531,  0.06043446,  0.09855358,  0.11129857,  0.1192044 ,
       -0.04277372,  0.00957151, -0.20951331, -0.01778683,  0.11512911,
       -0.03495234,  0.09328138,  0.01847986]), array([-0.09087045,  0.07380296,  0.04044586,  0.00886782, -0.06296087,
        0.00999684, -0.1063079 , -0.09288462,  0.14723971, -0.01650362,
        0.27358302, -0.03389218, -0.14748378, -0.1733035 ,  0.02017586,
        0.15307206, -0.19687566, -0.07269781,  0.01675544,  0.00824682,
        0.02618862,  0.01348063,  0.08837114,  0.08621734, -0.15990768,
       -0.41594857, -0.11754584, -0.12150509, -0.00119757, -0.05724268,
       -0.10304002,  0.07293241, -0.18880902, -0.05073031,  0.01905529,
        0.08643597, -0.01046907,  0.00493837,  0.19395512,  0.04489233,
       -0.19863042,  0.05760716, -0.01028603,  0.25912005,  0.23236422,
        0.0756798 ,  0.02965163, -0.04316553,  0.08987089, -0.13678131,
        0.10274395,  0.17441748,  0.09324789, -0.01561834, -0.00844117,
       -0.08554882, -0.07186461,  0.10825787, -0.1295822 ,  0.00047091,
        0.0255234 , -0.08421653, -0.01170811, -0.06837652,  0.20620954,
        0.13159224, -0.09061611, -0.19575736,  0.0623676 , -0.15315056,
       -0.09053361,  0.05907371, -0.18866278, -0.18167707, -0.4068372 ,
        0.06628893,  0.36461365,  0.05506295, -0.20955874,  0.04082683,
       -0.01774453, -0.03451456,  0.0898646 ,  0.17651111, -0.03089862,
        0.02427158, -0.07860897, -0.01727866,  0.18401867, -0.03432416,
       -0.04163291,  0.20953523, -0.04303959,  0.10184284,  0.03375061,
       -0.00134994, -0.00435044,  0.02705674, -0.08298301,  0.01346392,
        0.00819508, -0.00615044,  0.00408216,  0.10335255, -0.19853505,
        0.09297411, -0.00398571,  0.00232334,  0.04012199,  0.01819969,
       -0.12338842, -0.10520691,  0.15025717, -0.28331795,  0.16776899,
        0.17406136,  0.05392512,  0.137996  ,  0.08972839,  0.10841145,
       -0.04874092,  0.04715179, -0.16989154,  0.01335989,  0.10173983,
       -0.03408901,  0.08037041,  0.01412774]), array([-8.70165899e-02,  7.11944774e-02,  4.73911641e-03,  4.33439389e-03,
       -5.21570779e-02, -2.91034244e-02, -5.24186678e-02, -1.31670997e-01,
        1.49561554e-01, -2.15612855e-02,  2.73823768e-01, -6.17619120e-02,
       -1.95291951e-01, -1.57726407e-01,  3.05614211e-02,  1.34742528e-01,
       -2.01312348e-01, -5.05072363e-02, -1.16385855e-02,  8.07528943e-03,
        7.41611123e-02,  1.08021628e-02,  8.28892589e-02,  1.07845448e-01,
       -1.12834230e-01, -4.06952739e-01, -1.12807028e-01, -1.52276173e-01,
        4.42852490e-02, -6.89687282e-02, -1.03793994e-01,  3.49323340e-02,
       -1.77157208e-01, -6.19827434e-02,  6.16077892e-03,  5.54438718e-02,
        2.03552423e-04, -6.65545017e-02,  2.35554293e-01, -8.22111964e-03,
       -2.21487254e-01,  2.27403939e-02, -1.46645410e-02,  2.17474610e-01,
        2.14639857e-01,  2.19709501e-02,  5.22674918e-02, -3.36257778e-02,
        1.02448039e-01, -1.67661741e-01,  6.51163757e-02,  1.51535451e-01,
        1.06112599e-01, -2.60069296e-02, -1.70943737e-02, -1.24072924e-01,
       -1.08984917e-01,  8.18641558e-02, -1.70900390e-01,  1.05941505e-03,
        4.37673703e-02, -7.84166083e-02, -2.69299746e-02, -6.16982952e-02,
        1.95429921e-01,  1.20927498e-01, -1.43288031e-01, -1.57211855e-01,
        7.98587129e-02, -1.90641284e-01, -3.48576419e-02,  7.36843646e-02,
       -1.86971217e-01, -2.11445928e-01, -3.70326370e-01,  6.49566650e-02,
        4.07303005e-01,  6.20454066e-02, -1.79493919e-01,  9.61651281e-03,
       -7.82021731e-02, -3.41156498e-02,  7.39630684e-02,  1.67307481e-01,
        6.29425980e-03,  4.46253717e-02, -8.64994228e-02,  4.02667969e-02,
        1.77493915e-01, -6.43748865e-02, -4.98635136e-02,  2.42896393e-01,
       -4.59225848e-02,  1.08909383e-01, -6.77610748e-03,  5.92368208e-02,
        2.05624104e-03, -8.61411914e-04, -3.99761349e-02,  7.80877769e-02,
        3.82741801e-02, -2.09832750e-02,  1.96479131e-02,  1.14815369e-01,
       -1.77329600e-01,  7.78579339e-02, -8.56571272e-03, -2.85009714e-03,
        2.98810042e-02, -1.66856423e-02, -1.19002096e-01, -8.96872208e-02,
        1.42045304e-01, -2.83632964e-01,  1.56710178e-01,  1.74114630e-01,
        3.31617743e-02,  1.38600275e-01,  2.45324858e-02,  7.19967932e-02,
       -6.44537294e-03, -9.51573066e-03, -2.00950086e-01, -1.25130825e-02,
        8.62189308e-02,  1.11762900e-03,  6.38156831e-02, -8.23146757e-03]), array([-0.06984474,  0.09309118,  0.03805868, -0.03046075, -0.02290452,
       -0.01749755, -0.07979778, -0.09933484,  0.15961288, -0.05821571,
        0.25362521, -0.05219401, -0.13656326, -0.17832939,  0.0313218 ,
        0.13129777, -0.21765484, -0.08550159, -0.00722389,  0.01893234,
        0.04521419,  0.02641665,  0.05579843,  0.09029171, -0.15568706,
       -0.40595493, -0.11918913, -0.10631093,  0.00278832, -0.07865179,
       -0.10894012,  0.0774496 , -0.18084422, -0.0348233 ,  0.01442573,
        0.12498012,  0.00710623, -0.0088983 ,  0.16780375,  0.03939133,
       -0.20271225,  0.04441878, -0.00565294,  0.25222141,  0.26593053,
        0.06458969,  0.00108765, -0.05021603,  0.11395066, -0.13282613,
        0.08011478,  0.15207763,  0.07691877,  0.00966622,  0.01603742,
       -0.11171939, -0.05230556,  0.09755626, -0.15577984, -0.02345716,
        0.01225566, -0.12436529, -0.00128912, -0.03471175,  0.2028558 ,
        0.12206701, -0.10141873, -0.1823736 ,  0.09863925, -0.18634871,
       -0.08027013,  0.05402082, -0.15669158, -0.16132109, -0.39052647,
        0.05586506,  0.37889042,  0.08546437, -0.21831252,  0.04880047,
       -0.01156287, -0.04434004,  0.12272212,  0.19187632, -0.05096481,
        0.05197702, -0.10490858, -0.00212832,  0.18454412,  0.00452101,
       -0.05085465,  0.20219982, -0.05523717,  0.10924828,  0.0595228 ,
       -0.02107874, -0.02543489,  0.02128545, -0.10885005,  0.00458643,
        0.01232816, -0.03100846, -0.03148615,  0.1395098 , -0.17060786,
        0.11074323,  0.00521848, -0.01221588,  0.01043398,  0.00625971,
       -0.09963317, -0.08531433,  0.13556851, -0.28534055,  0.14560103,
        0.16152528,  0.05453121,  0.15709527,  0.07707672,  0.11025387,
       -0.03765974,  0.01834656, -0.18483993,  0.00860983,  0.09302922,
       -0.01353243,  0.11859536,  0.00250986]), array([-0.08858684,  0.1336879 ,  0.05825256,  0.01457983, -0.05008658,
        0.00992693, -0.11060058, -0.09932156,  0.1595985 , -0.05049008,
        0.27894393, -0.04350028, -0.1799444 , -0.18381953,  0.05007186,
        0.16184668, -0.20791681, -0.09018753, -0.00761781,  0.01979129,
        0.01092876,  0.02498054,  0.08736437,  0.07304485, -0.14706132,
       -0.44581592, -0.10060176, -0.15937403,  0.01302572, -0.07637028,
       -0.11571961,  0.02750438, -0.15627466, -0.03067449,  0.01120945,
        0.0753752 , -0.02689359, -0.0267836 ,  0.22966747, -0.00789829,
       -0.22704434,  0.03306808, -0.00678971,  0.21517324,  0.23114285,
        0.0503483 ,  0.03041766, -0.03572473,  0.1082865 , -0.15256301,
        0.10286576,  0.18371476,  0.10427543,  0.01131772,  0.03123165,
       -0.11469983, -0.08987457,  0.09081563, -0.12955119,  0.01069034,
        0.03376407, -0.06700725,  0.00667917, -0.04085931,  0.21306977,
        0.12994693, -0.11808593, -0.14078996,  0.09448366, -0.17822145,
       -0.0549813 ,  0.06408192, -0.18105565, -0.21336144, -0.36741477,
        0.04916668,  0.35498688,  0.08887082, -0.21691123, -0.00862754,
       -0.00672539, -0.0473767 ,  0.09642605,  0.18608303, -0.03274947,
        0.00343087, -0.06675138, -0.00331687,  0.21540187, -0.02432062,
       -0.04316212,  0.23623082, -0.03998178,  0.12774517,  0.01662423,
       -0.01255862,  0.03373365, -0.01767648, -0.07658016,  0.07415502,
       -0.01168423, -0.03652633, -0.03779858,  0.10107453, -0.16231933,
        0.06788755,  0.02408783,  0.01346796,  0.01642854,  0.05309095,
       -0.13241054, -0.10480359,  0.17459105, -0.25302294,  0.2087891 ,
        0.17851987,  0.04273145,  0.13350403,  0.07495239,  0.09679273,
       -0.01637032, -0.01425279, -0.17583972, -0.01932597,  0.09089395,
       -0.0384177 ,  0.08107896,  0.01578965]), array([-5.34218214e-02,  9.17091146e-02,  5.38198948e-02, -9.29601118e-03,
       -5.35847656e-02, -1.03221945e-02, -6.63405508e-02, -1.34808421e-01,
        1.22879840e-01, -5.34058511e-02,  2.70710319e-01, -3.35489176e-02,
       -2.02432916e-01, -1.89157724e-01,  3.59219201e-02,  1.71673045e-01,
       -1.79388836e-01, -9.38216895e-02,  2.14099735e-02,  1.26134530e-02,
        9.32112783e-02, -2.80548912e-03,  1.00452885e-01,  4.35921997e-02,
       -1.28615782e-01, -3.99626613e-01, -1.32084310e-01, -9.40806791e-02,
        2.32823156e-02, -6.67802989e-02, -9.06732604e-02,  5.34185134e-02,
       -1.78777918e-01, -3.95212546e-02,  1.64055880e-02,  5.74734919e-02,
        1.64730679e-02, -7.92589262e-02,  2.31033102e-01, -2.45050471e-02,
       -2.30895773e-01,  4.13134061e-02,  1.13007333e-02,  2.09503323e-01,
        2.17516109e-01,  2.22976115e-02,  5.11662364e-02, -9.06836912e-02,
        1.00130014e-01, -1.00869618e-01,  1.01243675e-01,  1.52118877e-01,
        6.67889565e-02, -2.28963867e-02, -7.87429139e-03, -1.04500800e-01,
       -5.84969223e-02,  8.43993872e-02, -1.33179978e-01, -2.26123948e-02,
        6.30050674e-02, -7.95862451e-02, -1.62463672e-02, -8.90284106e-02,
        1.66076168e-01,  8.30511898e-02, -9.75766554e-02, -2.22779810e-01,
        8.83857533e-02, -1.59823045e-01, -8.38273540e-02,  5.05031645e-02,
       -2.26159632e-01, -1.68712333e-01, -3.94595772e-01,  3.11063696e-02,
        3.62579137e-01,  7.08939955e-02, -2.14121401e-01,  4.97338399e-02,
       -2.22063176e-02, -2.37828791e-02,  1.40569657e-01,  2.01727793e-01,
        2.82202549e-02,  2.80556139e-02, -1.00384653e-01,  1.63526759e-02,
        2.08024696e-01, -7.03917965e-02, -8.34900811e-02,  2.21194535e-01,
       -3.54615971e-02,  1.19617708e-01,  1.22352019e-02,  1.91405062e-02,
       -2.03198288e-03,  4.77756709e-02, -1.03723064e-01,  3.88434939e-02,
        2.54749283e-02,  6.32942654e-04, -8.24422669e-03,  1.66634083e-01,
       -1.56744629e-01,  7.45466948e-02, -1.06908381e-04,  3.79771292e-02,
        3.57573964e-02, -1.60876883e-03, -1.41090468e-01, -1.07595362e-01,
        1.15043126e-01, -2.39738166e-01,  1.64544448e-01,  1.82152376e-01,
        4.38494086e-02,  9.05042291e-02,  1.02762356e-01,  1.20494932e-01,
        6.94339629e-04,  5.26424125e-03, -2.36650735e-01,  1.55680981e-02,
        1.06126502e-01, -4.16454999e-03,  9.60225835e-02,  1.57350041e-02]), array([-8.42288360e-02,  9.86050814e-02,  3.84142660e-02,  1.21723581e-02,
       -5.27009293e-02, -3.84273194e-03, -6.65661618e-02, -1.22048303e-01,
        1.35745183e-01, -2.18875036e-02,  2.75704056e-01, -4.77755629e-02,
       -1.70661479e-01, -1.99666798e-01,  2.39365734e-02,  1.59539163e-01,
       -2.13974565e-01, -8.92255306e-02,  1.21402796e-02, -9.07753035e-03,
        6.45838082e-02,  5.89389214e-03,  9.27191973e-02,  6.12933822e-02,
       -1.42861098e-01, -4.26448613e-01, -1.19999580e-01, -1.19826391e-01,
        2.97590494e-02, -6.79611266e-02, -8.71160850e-02,  6.55186102e-02,
       -2.02386066e-01, -4.55454141e-02,  1.23980725e-02,  8.36819112e-02,
        1.20821306e-02, -1.84751675e-03,  2.03756571e-01,  2.33825203e-02,
       -1.89709902e-01,  5.15805930e-02,  8.25499650e-03,  2.56869078e-01,
        2.56545842e-01,  6.99278787e-02,  2.48037353e-02, -2.70926114e-02,
        9.42636356e-02, -1.15321279e-01,  9.41167623e-02,  1.72436059e-01,
        1.19143061e-01, -1.19872345e-02, -4.71958518e-03, -9.20294523e-02,
       -8.07595998e-02,  7.31588304e-02, -1.35664240e-01,  1.19386707e-04,
        4.65478152e-02, -9.37904119e-02, -2.28298791e-02, -5.74422553e-02,
        2.00034857e-01,  9.24901292e-02, -1.01110250e-01, -1.84431612e-01,
        7.16210380e-02, -1.73414722e-01, -7.59976357e-02,  3.84725705e-02,
       -2.09062785e-01, -1.65866643e-01, -3.94706756e-01,  5.01926318e-02,
        3.62133384e-01,  5.47067150e-02, -2.29221299e-01,  3.68532427e-02,
       -8.28539394e-03, -1.72836743e-02,  1.17891148e-01,  1.88961148e-01,
       -4.57307976e-03,  3.70954424e-02, -1.05476730e-01, -2.44120881e-03,
        1.75223738e-01, -5.48633486e-02, -6.84960783e-02,  2.21811011e-01,
       -5.79013713e-02,  1.09138124e-01,  2.54966300e-02, -8.96715559e-03,
        1.16087776e-03,  1.93367247e-02, -8.46882537e-02,  1.13445558e-02,
        5.48458751e-03, -1.03105875e-02, -1.71127431e-02,  1.03714600e-01,
       -1.59850359e-01,  8.71145874e-02, -5.14618121e-03,  3.78664434e-02,
        6.98977523e-03, -4.54894314e-03, -1.29556492e-01, -9.41065624e-02,
        1.40082821e-01, -2.63282359e-01,  1.84163138e-01,  1.87869281e-01,
        2.54422775e-03,  1.22521996e-01,  8.02307874e-02,  1.12350851e-01,
       -2.58262698e-02,  3.91163379e-02, -1.73652917e-01, -3.68811004e-03,
        8.60840455e-02, -3.25433724e-02,  9.96983126e-02,  2.34997040e-03]), array([-0.0357437 ,  0.08368725,  0.01872495, -0.01659318, -0.04089433,
        0.03710063, -0.06233834, -0.07298294,  0.14398275, -0.00829712,
        0.26180324, -0.02555695, -0.15229417, -0.16047174,  0.02866406,
        0.12976064, -0.19162624, -0.04575335, -0.04537254,  0.0262673 ,
        0.02718735,  0.05066003,  0.07679641,  0.04518368, -0.12963748,
       -0.39673999, -0.09250049, -0.11485805,  0.00813372, -0.09184325,
       -0.1049901 ,  0.09279295, -0.17550249, -0.04685046,  0.04667161,
        0.08122673, -0.0108703 , -0.02101826,  0.20545398,  0.02986128,
       -0.18142079,  0.07107683,  0.00931389,  0.23592946,  0.21984705,
        0.04648082,  0.02353039, -0.08987728,  0.11386628, -0.13611072,
        0.10790843,  0.14955695,  0.04468667,  0.01805597,  0.02106214,
       -0.1077381 , -0.04722975,  0.07568261, -0.14982951, -0.01641942,
        0.02760649, -0.06812591, -0.03983124, -0.06671042,  0.16825992,
        0.1168458 , -0.0694954 , -0.21063134,  0.07013461, -0.15114337,
       -0.07003663,  0.08281628, -0.16660228, -0.17794666, -0.33990732,
        0.05412629,  0.3845529 ,  0.10092829, -0.23606881,  0.04781   ,
       -0.02379574, -0.06967302,  0.14979582,  0.15978324, -0.01875442,
        0.06258524, -0.07387047,  0.03078728,  0.19983126, -0.02031348,
       -0.06750671,  0.21166007, -0.01481824,  0.09472647,  0.0663033 ,
       -0.02226765,  0.01169269,  0.01293079, -0.14351168, -0.00825858,
        0.03162736, -0.01704232, -0.02074859,  0.11369652, -0.16877662,
        0.11925013,  0.01726486, -0.01266339,  0.03284964, -0.02159927,
       -0.09483586, -0.05759884,  0.15337352, -0.28402415,  0.16407998,
        0.12383297,  0.05495224,  0.13588795,  0.06777163,  0.11427411,
       -0.03302774,  0.00931742, -0.19506513,  0.00273233,  0.10862827,
        0.02156487,  0.1098654 , -0.00673329]), array([-0.04761593,  0.08155878,  0.05602054,  0.01525178, -0.08612325,
        0.01954696, -0.07131745, -0.09597496,  0.10633567, -0.01867147,
        0.23492613, -0.02369546, -0.2112422 , -0.13535564,  0.04718158,
        0.13915789, -0.16492601, -0.06692152, -0.00235043, -0.00906656,
        0.06215588,  0.0292711 ,  0.07762805,  0.06942739, -0.12176859,
       -0.37645614, -0.12541479, -0.10153972,  0.02200547, -0.07291541,
       -0.08393509,  0.03121064, -0.16578019, -0.03574993,  0.02282506,
        0.06852477, -0.00420886, -0.10163429,  0.21265376, -0.00526493,
       -0.21006051,  0.04866375, -0.0109681 ,  0.20301633,  0.19881393,
        0.03060354,  0.04489718, -0.05829287,  0.08453386, -0.16113539,
        0.13327187,  0.15618372,  0.07131886, -0.00903064, -0.00151552,
       -0.12769672, -0.08827316,  0.10164228, -0.17296103,  0.00352393,
        0.02020773, -0.09367024, -0.00674565, -0.1073842 ,  0.151298  ,
        0.15063688, -0.10326402, -0.2029614 ,  0.08992037, -0.1878531 ,
       -0.08746217,  0.05980678, -0.18974574, -0.17948908, -0.41375017,
        0.07914834,  0.38272992,  0.10072848, -0.19559212,  0.00664037,
       -0.01104673, -0.0268907 ,  0.08840242,  0.1975988 ,  0.00234554,
        0.01458529, -0.06229743,  0.04687652,  0.18051781, -0.05585635,
       -0.10001409,  0.22578256, -0.03289103,  0.10515723,  0.01870481,
        0.05143482,  0.02589649,  0.00486057, -0.07503168,  0.06715218,
        0.03049601, -0.02437814,  0.01119785,  0.150631  , -0.16133063,
        0.06263888, -0.01230198, -0.02833204,  0.02016846, -0.00978202,
       -0.15200403, -0.07618329,  0.16006659, -0.28925776,  0.18049499,
        0.18417883,  0.02728723,  0.12654459,  0.06201701,  0.1144264 ,
        0.00523926, -0.03579796, -0.19595602, -0.0132925 ,  0.09545796,
        0.01170994,  0.06961003,  0.03531062]), array([-9.17489752e-02,  1.31035745e-01,  4.27148901e-02, -1.85131077e-02,
       -5.42079806e-02, -7.07012136e-04, -9.91801918e-02, -1.24493562e-01,
        1.56731680e-01, -3.74202058e-02,  2.63267338e-01, -1.86056737e-02,
       -1.64123267e-01, -1.71412677e-01,  2.90882848e-02,  1.37060046e-01,
       -2.07759917e-01, -8.94170776e-02,  1.62078179e-02, -1.27766179e-02,
        4.92761433e-02,  5.85838109e-02,  6.55999556e-02,  7.82068819e-02,
       -1.72033548e-01, -4.36409712e-01, -1.19398274e-01, -1.19239688e-01,
        6.45924173e-03, -5.83688132e-02, -8.68402421e-02,  5.84525317e-02,
       -1.61937013e-01, -1.12482831e-02,  3.90406027e-02,  6.81389347e-02,
        1.15252417e-02, -1.91785283e-02,  1.92821354e-01,  8.95211380e-03,
       -2.00892285e-01,  5.69076948e-02,  4.44237143e-02,  2.17833668e-01,
        2.42800936e-01,  4.04872410e-02,  1.19071826e-03, -4.56389934e-02,
        1.07472554e-01, -1.46411628e-01,  7.70818442e-02,  1.79626197e-01,
        4.84188199e-02,  9.08747874e-03,  3.10860500e-02, -9.22495127e-02,
       -8.61468911e-02,  6.30248114e-02, -1.41590729e-01, -2.03563273e-02,
        2.02602614e-02, -8.95327479e-02, -4.09120545e-02, -4.97758426e-02,
        1.64570004e-01,  1.36557356e-01, -1.09637178e-01, -1.83274552e-01,
        5.22649176e-02, -2.07025126e-01, -8.96837339e-02,  4.69914675e-02,
       -1.69513106e-01, -1.73899084e-01, -3.59329432e-01,  6.16704449e-02,
        3.77007127e-01,  1.05814368e-01, -2.18816087e-01,  4.81845029e-02,
        2.29160651e-03, -3.87721844e-02,  1.29323691e-01,  1.48335174e-01,
       -3.37113105e-02,  5.20065334e-03, -7.77594596e-02,  1.53945656e-02,
        2.06705242e-01,  3.72021459e-04, -4.91120592e-02,  2.50832707e-01,
       -4.22165431e-02,  1.63150877e-01,  4.09598723e-02,  1.46140950e-02,
       -7.05525838e-03, -1.00938398e-02, -9.64668691e-02,  3.66617292e-02,
        1.74908191e-02,  7.26544997e-03, -1.29899206e-02,  1.28168300e-01,
       -1.65054530e-01,  9.83745530e-02,  2.29427572e-02,  7.65150972e-03,
        3.15822959e-02,  5.10195047e-02, -1.23963654e-01, -9.42600369e-02,
        1.30418688e-01, -2.49739155e-01,  1.94315940e-01,  1.49869442e-01,
        2.92109232e-02,  1.37562424e-01,  9.00441855e-02,  7.24938065e-02,
       -2.58363504e-02, -3.71783972e-05, -1.52565584e-01, -2.11730730e-02,
        9.36416313e-02, -4.81398478e-02,  8.52409378e-02, -1.79022532e-02]), array([-0.0508718 ,  0.08806419,  0.05910693, -0.007981  , -0.04962957,
        0.0157229 , -0.10499704, -0.1036868 ,  0.15694699, -0.04217108,
        0.25415388, -0.03209623, -0.16279835, -0.18441398,  0.01106108,
        0.16789399, -0.19762838, -0.07771993,  0.01983413,  0.00041295,
        0.04202132,  0.03301778,  0.0854757 ,  0.05985315, -0.13330318,
       -0.40433294, -0.12028126, -0.10724344, -0.00557322, -0.03992188,
       -0.11594448,  0.05956814, -0.17088313, -0.03384843,  0.02429662,
        0.07644967,  0.00171734, -0.03310767,  0.17566819,  0.01644997,
       -0.20133545,  0.05268118,  0.00562115,  0.21677409,  0.22051287,
        0.06032753,  0.0199131 , -0.07114393,  0.10269681, -0.13387465,
        0.10799672,  0.15898089,  0.0656947 ,  0.00540138, -0.00348945,
       -0.11019765, -0.06761311,  0.10590645, -0.12821954, -0.02613271,
        0.0176276 , -0.08631558, -0.0214072 , -0.07236558,  0.18728369,
        0.15470605, -0.08502325, -0.21729602,  0.07159829, -0.16447856,
       -0.0885354 ,  0.05092406, -0.18218125, -0.15880267, -0.37768459,
        0.04639731,  0.36370999,  0.07905765, -0.21884306,  0.02971391,
       -0.01552335, -0.02098639,  0.11798917,  0.18116888, -0.01803552,
        0.03832164, -0.0854859 , -0.016677  ,  0.18589349, -0.04748987,
       -0.05849016,  0.21878374, -0.03303681,  0.1294111 ,  0.03076383,
       -0.00890357,  0.00183478,  0.03874399, -0.10993845,  0.01045071,
        0.01414188,  0.01147884, -0.00928587,  0.11417913, -0.1750433 ,
        0.09985953,  0.01104829,  0.00464446,  0.03886019,  0.00493102,
       -0.09889882, -0.08711336,  0.14523064, -0.25500399,  0.17068331,
        0.15456896,  0.06569262,  0.15379851,  0.08387475,  0.12106884,
       -0.03953303, -0.00850475, -0.18545324,  0.01276593,  0.1030729 ,
       -0.02287228,  0.0885733 ,  0.01730268])]